less_8K_usec.avg: 0.10760575
bigger_5M_Mbps.avg: 67.33533333333334
